0,1675657182751855
0,20343097999805843
0,24074833545031735
0,279668477324689
0,32041538006353354
0,36327693963052454
0,40859368035099153
0,45674501010945256
0,5081322654423626
0,5631575336174062
0,6221969982773496
0,685567385041482
0,7534840816501448
0,8260098286804901
0,9029937433017473
0,984002129456729
1,068245327299138
1,154508919485331
1,2411027299406245
1,325846298773182
1,4061129332146904
1,4789529959451841
1,5413074446400077
1,590302924876219
1,6235922103671967
1,6396767653139255
1,6381346851118421
1,6196890062306075
1,5860903112797746
1,5398409385751397
1,483833108386158
1,420990041006326
1,3539829670328956
1,2850599621889358
1,215984255515591
1,148054721240454
1,082173627224587
1,0189317896005292
0,9586917193382024
0,9016594886731044
0,8479433439009341
0,7976013788464089
0,7506827960691316
0,7072685234080235
0,6675180404675521
0,6317305302107182
0,6004294589618917
0,574478570589078
0,5552298553694177
0,5446830698791496
0,5455934328844209
0,5613984049385624
0,5957715267114233
0,6516223967178865
0,7295481549164543
0,8261375899121631
0,9329547002009951
1,0370842865161711
1,1235123200813235
1,1785893616963825
1,1931387471849138
1,1639851084328308
1,093590430454434
0,9883750752084972
0,8566435775375566
0,7068376692038818
0,5464281013593967
0,3814217626912506
0,2163030509703147
0,054212016423455495
-0,10278841869051528
-0,2534430388300689
-0,3970724144857541
-0,5333891526148798
-0,6623582377702852
-0,7840916433326157
-0,8987665969339796
-1,0065585396590702
-1,1075826053845448
-1,201840735095323
-1,2891750173292196
-1,369231248591618
-1,4414396373355516
-1,5050213729660946
-1,559029528282564
-1,6024294950054128
-1,6342173497600936
-1,6535648265052902
-1,6599692121378637
-1,6533792690272746
-1,6342682319262787
-1,6036341202700368
-1,5629243705859743
-1,5139006129915349
-1,458473280519177
-1,3985397174782352
-1,3358531665110536
-1,2719373879680669
-1,2080483403700026
-1,1451747346002186
-1,0840650246853039
-1,0252687285064823
-0,9691829494033928
-0,9160987420409911
-0,8662453745170294
-0,8198331474324103
-0,7770972547360283
-0,7383463462782586
-0,704019936226982
-0,6747580946437927
-0,6514837220013315
-0,6354900006934052
-0,6285107231033691
-0,6327278928630673
-0,6506437615075433
-0,6847294743925069
-0,7367899207784627
-0,8070857010536391
-0,8934256620443874
-0,9906100417176482
-1,0906229289756086
-1,183739658764462
-1,260299509435448
-1,3125472512130243
-1,335911177396354
-1,3293786416166522
-1,2950391086982238
-1,2371417644476463
-1,1610612310612016
-1,0724447304345084
-0,9766488845163745
-0,8784498865697413
-0,7819515092205573
-0,6906067698541262
-0,6072863651082956
-0,5343513472040631
-0,47370913620933514
-0,4268475101420272
-0,3948505579963845
-0,3784047286052353
-0,3778033524908521
-0,3929557027082584
-0,4234031316537393
-0,4683412897475408
-0,5266448435174714
-0,5968900343428727
-0,6773710463958895
-0,7661083802790961
-0,8608509602922637
-0,9590780825242265
-1,0580118516630135
-1,15465438632436
-1,245865231689899
-1,3284911978465437
-1,3995516466871663
-1,4564670106543935
-1,4972998699849738
-1,5209624608982462
-1,5273400487487028
-1,5172920109412678
-1,4925208306338054
-1,4553341846849135
-1,4083528710447406
-1,354226288686764
-1,2954055940056708
-1,2340001510171352
-1,1717172471350907
-1,1098673979520788
-1,049410919674703
-0,9910235684136726
-0,9351655698968981
-0,8821455265790179
-0,8321764547588832
-0,7854250877010348
-0,7420579611066951
-0,7022892809689875
-0,6664365705140554
-0,6349905061904241
-0,6087042206407909
-0,5887023762996569
-0,5765975720892269
-0,5745764834070128
-0,5853792088961535
-0,6120535059273969
-0,6573550896122825
-0,7227422965992398
-0,807119896183768
-0,9057735608731371
-1,010113546416102
-1,1086764270952951
-1,1892777785080115
-1,241578590395289
-1,259083431834256
-1,2399116631919018
-1,1863113063469952
-1,103383412516232
-0,9976191401434281
-0,87568803960103
-0,7436562249444809
-0,6066123858698313
-0,4685857646530056
-0,3326291740315277
-0,20096914888242678
-0,0751627622299651
0,04376855630536605
0,15523739213777032
0,2590185744296611
0,3551996895630283
0,4441450015217854
0,5264648078191934
0,6029841753649029
0,6747070910073114
0,7427737818678214
0,8084100334534788
0,8728677336796635
0,9373557938324089
1,002960412832881
1,070553855409996
1,1406920867682169
1,2135043429762487
1,288582493371493
1,3648849344240022
1,4406779136742665
1,5135442926717324
1,5804916453319258
1,6381828293915548
1,6832884451114296
1,7129228353387642
1,725083649992473
1,7189886301915633
1,6952121235104507
1,6555746615586449
1,6028151802184012
1,5401425826206518
1,4707894596017188
1,3976675968762702
1,3231712289304913
1,2491200397073414
1,1768012433650974
1,107062910721576
1,040420571284112
0,9771546306775688
0,9173895789638251
0,8611545833978823
0,8084293706478316
0,7591809860520449
0,713397674743618
0,6711268848408543
0,632525864801716
0,5979355395655458
0,567990206422957
0,5437736087972576
0,5270183684503045
0,5203077548907831
0,5271639429095021
0,5518035677076084
0,5982748226810004
0,6688020059729469
0,7615912412506962
0,8690059097147723
0,977409574922643
1,0694823605574335
1,1284528655179094
1,142418776457373
1,106845051098898
1,0244746633368196
0,9032672532720867
0,7536447630646159
0,5861282198509004
0,40985768588311233
0,23197527965978393
0,05760723106536558
-0,1098426180415833
-0,2682973642382043
-0,416627288396926
-0,5543353594352988
-0,6813182375189611
-0,7976949387042124
-0,9036896252944655
-0,9995552606243137
-1,0855273833012322
-1,1618001459831129
-1,2285192138655778
-1,2857878377130192
-1,3336833580440262
-1,3722816391144108
-1,4016866439496702
-1,4220618002813414
-1,4336592919805788
-1,4368432713793524
-1,4321034766030767
-1,4200569348374679
-1,4014371899495754
-1,3770724573403295
-1,3478558261649531
-1,3147116994772323
-1,2785628791315795
-1,2403021090005872
-1,200770743322388
-1,1607458619429443
-1,1209359379762938
-1,0819842857296191
-1,0444790414297571
-1,0089682967677767
-0,9759790791610208
-0,9460389839527084
-0,9196992392607829
-0,897557660286367
-0,880279186571585
-0,8686104119962508
-0,863382771657457
-0,8654971760676897
-0,8758816545125159
-0,8954142858156354
-0,9248079936018379
-0,9644629418321268
-1,0143059518546003
-1,0736513031265194
-1,1411269999770506
-1,2147074632282968
-1,2918732989713115
-1,3698847453054013
-1,4461195287351116
-1,518403383209498
-1,5852622777515228
-1,6460480874452164
-1,7009226479050819
-1,7507147464176416
-1,79668154888595
-1,8402096017514205
-1,8824869601129595
-1,9241755996415317
-1,9651184907824055
-2,004129698380363
-2,038932255123234
-2,066312930609163
-2,0825366936409093
-2,083994791233768
-2,067960472676098
-2,0332400154410672
-1,9804957291438055
-1,9121166711283644
-1,8316872433969906
-1,7432582890925785
-1,650671409058841
-1,557112197368547
-1,4649370235605736
-1,3757127185936422
-1,2903688081946618
-1,209376648077721
-1,1329061222790209
-1,0609428224904331
-0,993367490062033
-0,9300067046817011
-0,8706644416166723
-0,8151423639266924
-0,7632548818408394
-0,714844125695681
-0,6698005609316603
-0,6280975680627237
-0,5898536395389691
-0,5554442401386213
-0,5256945001726827
-0,5021831714093775
-0,4876499721436135
-0,48637499345779583
-0,504156388407716
-0,5472408554669751
-0,6196139536938559
-0,7189391206373132
-0,8330985105282578
-0,9403562478366547
-1,0147545978814534
-1,0347224082836155
-0,9902221064007402
-0,8847745838617985
-0,7322666343020294
-0,5512542909562385
-0,3597689996838939
-0,17220072607705325
0,0017049682087316997
0,15646801916012928
0,2898983405753753
0,40204571093072317
0,49431997374993897
0,5688464076942882
0,6280351778250823
0,6743161613436135
0,7099903483524695
0,7371584565750074
0,7576980821238167
0,7732696748112057
0,7853382869027551
0,7952026572652772
0,804026210350927
0,8128663881824439
0,822699727149857
0,8344405089726288

0,17104361152861358
0,20728030877008052
0,24486437118657278
0,2839467476595221
0,3247521162199076
0,36756882008680325
0,4127368857536462
0,4606336095984602
0,5116559699416676
0,566198886467026
0,624628141731689
0,6872466620607369
0,7542529301872136
0,8256907238824178
0,9013903505760732
0,9809033132699767
1,063435089822729
1,147784440405207
1,2323019775778565
1,3148846083010088
1,3930241349413564
1,4639255896027619
1,5247019370558155
1,5726362978877209
1,6054829837982627
1,6217592309995412
1,6209673178624202
1,6036889998181323
1,57151606533595
1,526821018141848
1,4724184598502204
1,4112002150105836
1,3458284660636934
1,2785407678094982
1,211076494975793
1,1446985840967772
1,0802696932424327
1,0183460969378366
0,9592659609716954
0,9032220339326411
0,8503179064066719
0,8006115965142921
0,7541519360629261
0,7110137892642454
0,6713387097681496
0,6353887670760026
0,6036228101960557
0,5768051744457976
0,5561535208741981
0,5435184421659827
0,5415521539037913
0,5537572198708922
0,5842160130804759
0,6367422408983003
0,7132925970518205
0,8118709406993485
0,9248013984503665
1,038664147646121
1,1366773470391491
1,202847172893927
1,2259691284438388
1,2017307097405627
1,1324456709831852
1,0251302349441493
0,8890462147679843
0,7336110454957474
0,5670872220775083
0,3960315640338061
0,22526749410002278
0,05812392408073297
-0,10324128182412462
-0,2575317306581413
-0,4040562773659713
-0,5425327704963125
-0,6729434418704927
-0,7954288112831622
-0,9102072523200233
-1,0175099119035087
-1,1175240894096183
-1,210341808583952
-1,2959138423697962
-1,3740126482486086
-1,4442102409369353
-1,5058785197887818
-1,5582193916966993
-1,6003296052496618
-1,631300238659564
-1,6503435749663122
-1,6569318318816597
-1,6509249829470134
-1,632661453860556
-1,6029884757674604
-1,563219627868171
-1,5150239673757158
-1,460268906779127
-1,4008505724958473
-1,338545704761219
-1,2749085752999827
-1,2112205007674497
-1,1484854577627535
-1,0874576112624164
-1,0286856706357943
-0,9725624783149844
-0,9193731666701215
-0,8693396069423307
-0,8226619991982185
-0,7795604235767466
-0,7403203674238181
-0,7053468811263626
-0,6752318631610321
-0,6508370552094354
-0,6333896253501656
-0,6245746381861688
-0,6265861026190991
-0,6420659029746458
-0,6738284048686634
-0,7242671315599072
-0,7944152873477388
-0,8828186474144015
-0,984635058275551
-1,0915278732580709
-1,192742257799369
-1,2771984269575394
-1,3358332833195683
-1,3632628772192938
-1,3582609945003798
-1,3231745798703414
-1,2627687680951971
-1,183003155557088
-1,0900536964600063
-0,9896896869930054
-0,8869745651150791
-0,7861945946160134
-0,690912290429774
-0,604064658022216
-0,5280575325431545
-0,46483403076601837
-0,41591337177232646
-0,3824065364054414
-0,3650192515266282
-0,3640524869293116
-0,37940771965952313
-0,41060015583671294
-0,45677919357814245
-0,5167526254752031
-0,5890099709204635
-0,6717410589435664
-0,7628484000410971
-0,8599555991313115
-0,9604184351254101
-1,0613493083461725
-1,1596682108821672
-1,2521926844649087
-1,3357742005810338
-1,407478937343913
-1,4647986053629238
-1,505864782302909
-1,5296315326337124
-1,5359887048536183
-1,525774305198044
-1,5006701936678395
-1,4629902661402188
-1,4153983635578542
-1,3606131245304338
-1,3011581992525305
-1,2391970578504723
-1,1764619104846332
-1,114260423647949
-1,0535312720403551
-0,9949203303028837
-0,9388577481213254
-0,8856259810986233
-0,8354164307389382
-0,7883768803502669
-0,7446541718924395
-0,7044376708779931
-0,6680098143558211
-0,6358106434577633
-0,6085230807106501
-0,5871829673385047
-0,5733088265197792
-0,5690253039908599
-0,5771157835908611
-0,6008859102224982
-0,6436748308220404
-0,7078751353726083
-0,7934988957857945
-0,896683234208802
-1,0089052699004943
-1,1177000887128146
-1,2090527660737216
-1,2706316823632067
-1,294459101256209
-1,2780087979681825
-1,2236726209950994
-1,1372341033590385
-1,0261093443273714
-0,8978834026005904
-0,7593670475935101
-0,6161621627193212
-0,4725964565501499
-0,3318614208363333
-0,19622234758098056
-0,06722210209118806
0,05415542647436489
0,16736853080913328
0,2722401337144609
0,36890728089596614
0,4577855539471489
0,5395386075651283
0,6150460840036809
0,6853660110514026
0,7516899209894019
0,8152901256225151
0,8774589164327669
0,9394392295985838
1,0023459846520417
1,0670774270245715
1,1342169631933023
1,203928705195504
1,2758545608106298
1,3490270378277058
1,4218188885251202
1,4919559612229127
1,5566196516238238
1,612656495874381
1,6568928248130543
1,6865239487203079
1,6995167090575576
1,6949417337200314
1,6731489806681674
1,6357264042528064
1,5852372171464868
1,524800116429959
1,4576275293328518
1,386640908109337
1,3142373817147348
1,2422167638072974
1,1718277185849848
1,1038746193852464
1,038836695760561
0,9769719725603059
0,9183969249056281
0,863143665003741
0,81120080890227
0,7625448959708789
0,7171688619789052
0,6751140710398422
0,636513480857869
0,6016558202563331
0,5710836621782276
0,5457397543943694
0,5271699726261989
0,5177655361945819
0,5209633648237713
0,5412093485559222
0,5833551196385542
0,6511339742501496
0,7446803051486128
0,8578610303085696
0,9770874564696195
1,0832102976673132
1,1563904388799768
1,1816729368620278
1,1525296643457459
1,0711787669817276
0,9463314392816047
0,7898833574084154
0,6139456155400325
0,42895691752014375
0,24292392295119125
0,061443802727581875
-0,11189093716201004
-0,27498717132832073
-0,4267905721708831
-0,5669211249174815
-0,6954073474148674
-0,8125026496792978
-0,9185635263510559
-1,013971950454164
-1,0990887433180996
-1,1742288168543484
-1,2396523639995727
-1,295568228439206
-1,3421469253772362
-1,3795412700180778
-1,4079124789374111
-1,4274591525155005
-1,4384459769046503
-1,4412285846609292
-1,4362710543552581
-1,4241531976352504
-1,40556610212907
-1,3812961849526597
-1,3521998893092295
-1,319172666481692
-1,2831166457832066
-1,2449112485129952
-1,2053900720308555
-1,165325996562658
-1,1254250596671396
-1,0863285291532083
-1,048621942731116
-1,0128496555292767
-0,9795335066969275
-0,9491943900792132
-0,922375590391197
-0,8996665381635705
-0,8817249775712566
-0,8692943043459929
-0,863210990835912
-0,8643947785741366
-0,87381232469862
-0,8924045106688197
-0,9209705804083064
-0,9600107423214395
-1,0095437673393448
-1,0689352375053174
-1,1367885502447694
-1,210953896969421
-1,2886908700645936
-1,3669780211529328
-1,4429117648043852
-1,5141012810042076
-1,5789645899262403
-1,6368643634250901
-1,6880717139992187
-1,7335878447932305
-1,7748726181871852
-1,8135268747311648
-1,8509629662190856
-1,8880880644929197
-1,9250252033382402
-1,9609083320203275
-1,9938030003032128
-2,020810600674756
-2,038396854557823
-2,0429370482432865
-2,031399110273667
-2,0020140046716444
-1,9547419029952335
-1,891363516702127
-1,8151298426796667
-1,730071129028416
-1,64021248859058
-1,5489654379106876
-1,4588422099277185
-1,371468757532079
-1,2877684040358939
-1,2081852741771164
-1,1328707191896772
-1,0618108925698393
-0,9949040429158069
-0,9320043908901945
-0,8729469522301576
-0,8175628013101988
-0,7656906225231124
-0,7171887051292019
-0,6719517001820368
-0,6299385685404753
-0,5912228189315782
-0,55608428643129
-0,5251732611968905
-0,4997876185103358
-0,4822924907178243
-0,47663426487717997
-0,488687604934146
-0,5258060723880735
-0,5946455563693469
-0,6967396750270174
-0,8231117157774399
-0,9517037674165945
-1,051561829463842
-1,093292292647798
-1,0599008100902378
-0,9519203804099985
-0,7852063989646467
-0,5837357375654229
-0,37144965561195153
-0,16676677058144485
0,01902448890906694
0,18069631514884943
0,3171344048707656
0,42960593244355394
0,5205576427448548
0,5928823687769347
0,6495077167470393
0,6931847489570382
0,7263949588737724
0,7513248515599686
0,7698774723926238
0,7837025669642959
0,7942345743918935
0,8027321890709
0,8103158742620167
0,8180011399701881
0,8267260220705612
0,8373712995094404

